0.008370
0.012295
0.016311
0.021495
0.027618
0.032106
0.032917
0.032222
0.033185
0.034745
0.035530
0.036494
0.037876
0.039633
0.040927
0.040425
0.036672
0.030610
0.026417
0.023979
0.020423
0.015260
0.008798
0.002510
-0.001673
-0.004267
-0.008317
-0.014694
-0.020203
-0.021305
-0.017039
-0.010328
-0.004655
-0.000690
0.000935
-0.001524
-0.005734
-0.006174
-0.001274
0.006096
0.011070
0.011390
0.009459
0.006677
0.004129
0.004596
0.007906
0.010827
0.012430
0.014653
0.018640
0.025030
0.033714
0.041339
0.044955
0.045880
0.050464
0.075143
0.124528
0.142338
0.070627
-0.035079
-0.082185
-0.071252
-0.051712
-0.045053
-0.045525
-0.041901
-0.031688
-0.020549
-0.010405
0.000678
0.010653
0.015987
0.016495
0.014029
0.009969
0.004789
-0.000928
-0.006282
-0.009555
-0.009571
-0.008946
-0.009129
-0.003368
0.015812
0.039903
0.045889
0.026621
0.002147
-0.010756
-0.011932
-0.003775
0.009530
0.022037
0.033499
0.044231
0.051838
0.057571
0.063707
0.070979
0.082785
0.102291
0.128661
0.158063
0.188115
0.221248
0.257360
0.288804
0.308672
0.316241
0.315390
0.314226
0.320529
0.332720
0.342079
0.346943
0.356786
0.379169
0.410798
0.444433
0.477328
0.511338
0.547466
0.583412
0.620025
0.656911
0.676334
0.658185
0.608247
0.546603
0.487035
0.436253
0.394714
0.360037
0.331744
0.314080
0.317181
0.346121
0.388398
0.420259
0.429796
0.432503
0.456591
0.515275
0.595562
0.668796
0.713704
0.731386
0.737230
0.742218
0.743180
0.727812
0.690363
0.637490
0.579855
0.531563
0.503528
0.478594
0.419075
0.316473
0.208781
0.144281
0.139818
0.167437
0.182526
0.165257
0.135700
0.127158
0.147985
0.180805
0.197578
0.178467
0.150192
0.178748
0.294682
0.458856
0.606767
0.691689
0.712750
0.743184
0.874778
1.091592
1.255069
1.237484
1.044215
0.800233
0.622296
0.519469
0.436286
0.339515
0.220338
0.091118
-0.004089
-0.022172
0.048866
0.176081
0.293645
0.362340
0.419310
0.534699
0.718742
0.905389
1.006198
0.980590
0.882927
0.804582
0.763166
0.684242
0.510611
0.322008
0.246775
0.264133
0.251559
0.180114
0.124367
0.135189
0.185214
0.210648
0.196080
0.208737
0.297312
0.424173
0.556824
0.699093
0.843595
0.984918
1.114345
1.213592
1.261748
1.223986
1.093584
0.910308
0.694163
0.439237
0.174889
-0.022710
-0.094219
-0.071488
-0.036836
-0.007216
0.074393
0.234410
0.412996
0.536001
0.611032
0.717999
0.894620
1.050979
1.067307
0.950831
0.819036
0.759200
0.709672
0.540391
0.259343
0.007094
-0.030238
0.161472
0.282853
0.259315
0.339637
0.512661
0.629101
0.705266
0.775096
0.813822
0.771903
0.635332
0.499828
0.472813
0.554474
0.673810
0.716004
0.600629
0.403687
0.243671
0.105610
-0.068548
-0.236484
-0.268282
-0.037791
0.398272
0.790099
0.992902
1.066861
1.069811
0.954058
0.663542
0.300650
0.098799
0.145587
0.281405
0.311870
0.235215
0.192807
0.234690
0.286432
0.276765
0.201083
0.140844
0.201442
0.387643
0.564757
0.611316
0.589066
0.584576
0.524528
0.323123
0.062339
-0.060416
0.030056
0.207978
0.340371
0.401585
0.427086
0.433041
0.364703
0.238170
0.215712
0.339069
0.494941
0.658129
0.850434
0.987617
0.933006
0.688094
0.448321
0.400949
0.505638
0.532845
0.349882
0.088800
-0.040775
0.016629
0.154513
0.238604
0.250462
0.246367
0.231087
0.195865
0.195279
0.294709
0.500825
0.748590
0.872394
0.715162
0.360964
0.077265
-0.028115
-0.065298
-0.077667
0.024991
0.233079
0.389053
0.420126
0.387710
0.338611
0.296318
0.331427
0.491649
0.661360
0.677348
0.566599
0.476116
0.478268
0.524492
0.483209
0.284883
0.027254
-0.160021
-0.251082
-0.278685
-0.255646
-0.153506
0.036330
0.250110
0.400930
0.447469
0.444987
0.475058
0.513457
0.522120
0.531992
0.555261
0.625380
0.785347
0.930261
0.914853
0.793881
0.707938
0.666830
0.611570
0.501395
0.337629
0.157905
-0.018323
-0.162063
-0.245146
-0.255703
-0.151458
0.078337
0.397413
0.759754
1.003961
0.934585
0.628263
0.332368
0.133379
0.000236
-0.041274
0.074042
0.334908
0.597386
0.666904
0.471512
0.171964
0.009710
0.037775
0.166785
0.382633
0.685087
0.988792
1.190282
1.157757
0.832059
0.384835
0.031393
-0.123093
-0.039372
0.208541
0.523791
0.838943
0.941429
0.717731
0.492705
0.592070
0.862658
0.923540
0.626384
0.240331
0.160368
0.443155
0.824645
1.020935
0.929526
0.695321
0.534619
0.489710
0.407339
0.141483
-0.247941
-0.549976
-0.564822
-0.161377
0.566901
1.224808
1.440497
1.182965
0.742212
0.415175
0.215917
0.012621
-0.196266
-0.294745
-0.197622
0.104279
0.533442
0.924598
1.085816
0.986385
0.825139
0.709531
0.510744
0.236950
0.134468
0.224526
0.283615
0.268575
0.280983
0.317398
0.276649
0.085148
-0.150231
-0.198358
-0.039820
0.148172
0.274736
0.405253
0.623147
0.826719
0.837057
0.627582
0.373831
0.249012
0.136931
-0.148528
-0.529377
-0.794200
-0.788505
-0.481722
-0.002433
0.417625
0.544485
0.345501
0.066235
-0.039538
0.007087
-0.047389
-0.318932
-0.585339
-0.565780
-0.230287
0.146662
0.246459
0.139215
0.109644
0.160706
0.117579
-0.091579
-0.339927
-0.395985
-0.240691
-0.043097
0.065400
-0.000867
-0.174354
-0.271423
-0.239061
-0.144432
-0.066853
0.004833
0.155792
0.407304
0.699539
0.884624
0.895549
0.856771
0.809547
0.678047
0.395826
-0.118629
-0.730230
-1.071138
-0.924240
-0.381284
0.190549
0.407108
0.228914
-0.001705
0.123818
0.589496
0.888380
0.646464
0.111510
-0.119340
0.204710
0.687846
0.787327
0.526286
0.432426
0.717927
0.938604
0.666057
0.099778
-0.258466
-0.206664
0.047941
0.209535
0.249856
0.384768
0.694921
0.972091
0.965445
0.638240
0.283249
0.293679
0.667951
0.994644
1.038288
0.924325
0.816184
0.776911
0.696802
0.431072
0.071652
-0.165501
-0.159293
-0.024835
-0.083887
-0.435176
-0.695753
-0.463624
0.119022
0.488108
0.327919
-0.032193
-0.018000
0.465369
0.909382
0.943249
0.832949
0.914198
1.010004
0.772992
0.247017
-0.229012
-0.449333
-0.475052
-0.469718
-0.485983
-0.461956
-0.330981
-0.079346
0.174059
0.314749
0.433405
0.580615
0.613626
0.540695
0.528164
0.606753
0.673145
0.599084
0.353103
-0.014615
-0.381016
-0.530081
-0.427096
-0.292537
-0.284268
-0.323055
-0.271837
-0.161374
-0.125580
-0.182333
-0.133465
0.146748
0.437123
0.558456
0.679238
0.925879
1.042930
0.761013
0.279140
-0.055322
-0.209532
-0.315173
-0.428052
-0.486170
-0.468056
-0.506836
-0.627653
-0.594170
-0.167648
0.600384
1.256649
1.306121
0.822739
0.306726
0.130991
0.309731
0.532766
0.526391
0.270511
-0.072525
-0.353598
-0.639114
-0.955607
-1.100342
-0.896185
-0.460472
-0.199416
-0.352768
-0.692198
-0.771427
-0.403684
0.121668
0.486770
0.680905
0.744102
0.629683
0.342431
-0.030237
-0.379205
-0.584859
-0.627989
-0.639969
-0.726325
-0.911543
-1.175996
-1.399078
-1.391009
-1.009113
-0.336190
0.270767
0.584256
0.697474
0.612133
0.263492
-0.171532
-0.517137
-0.740473
-0.848693
-0.854489
-0.746755
-0.650293
-0.769863
-1.011163
-1.076530
-0.824823
-0.349229
0.041454
0.076723
-0.087100
-0.066600
0.067951
-0.106708
-0.490300
-0.566118
-0.284307
-0.070965
-0.210714
-0.536185
-0.665766
-0.465950
-0.149774
-0.021001
-0.104762
-0.070849
0.167048
0.195091
-0.140813
-0.426313
-0.261967
0.320280
0.765729
0.610639
0.145574
-0.151013
-0.136882
0.100498
0.306768
0.350636
0.299238
0.123059
-0.139237
-0.169184
0.241046
0.820658
1.007015
0.628796
0.206281
0.140405
0.156251
-0.163550
-0.755668
-1.019402
-0.515552
0.377877
0.930649
0.924130
0.724872
0.691600
0.716655
0.440679
-0.143289
-0.595439
-0.559432
-0.186359
0.040674
-0.039881
-0.071264
0.160745
0.337246
0.137276
-0.188207
-0.182454
0.137845
0.455805
0.547662
0.334441
0.062081
0.079847
0.237511
0.146499
-0.132929
-0.231880
0.044674
0.547897
0.769989
0.410501
-0.045174
-0.069491
0.152538
0.187215
-0.108522
-0.446774
-0.419418
-0.113271
0.041961
-0.098018
-0.262604
-0.109957
0.288938
0.519507
0.392526
0.083343
-0.097496
0.039668
0.334460
0.457512
0.371692
0.359278
0.518420
0.538550
0.157426
-0.397574
-0.613763
-0.315534
0.181813
0.555838
0.656102
0.499061
0.418916
0.606160
0.711506
0.456441
0.062749
-0.091326
0.131453
0.428779
0.342009
-0.042611
-0.217750
-0.145314
-0.160942
-0.275223
-0.318936
-0.293152
-0.286939
-0.366130
-0.399803
-0.072169
0.615981
1.223259
1.378132
1.124638
0.734370
0.296647
-0.146967
-0.406523
-0.518681
-0.558399
-0.324575
0.121643
0.413019
0.407318
0.187584
-0.076635
-0.208033
-0.200396
-0.081692
0.211623
0.579754
0.765789
0.719971
0.581477
0.346383
-0.004023
-0.317223
-0.432323
-0.255263
0.096085
0.305896
0.263652
0.181262
0.278600
0.502108
0.549368
0.210471
-0.328664
-0.697186
-0.689433
-0.276557
0.377275
0.973140
1.300993
1.333199
1.171111
0.760719
0.036715
-0.559121
-0.655990
-0.456894
-0.086785
0.340817
0.542124
0.581608
0.561496
0.361095
0.048642
-0.178284
-0.128218
0.270444
0.738494
0.906524
0.793547
0.758816
0.827388
0.589938
-0.022157
-0.544560
-0.560052
-0.185442
0.072887
-0.086257
-0.441269
-0.460060
0.060166
0.626330
0.586261
-0.108120
-0.776286
-0.726044
-0.023755
0.661557
0.792574
0.565230
0.616173
0.942461
0.869827
0.180497
-0.556324
-0.769701
-0.446627
-0.066567
-0.077589
-0.245880
-0.056073
0.394281
0.552844
0.150591
-0.385780
-0.384805
0.117947
0.529568
0.572863
0.455925
0.510626
0.641392
0.320179
-0.493147
-1.092640
-0.953016
-0.305835
0.173581
-0.002111
-0.544892
-0.606588
0.032634
0.570831
0.292541
-0.523087
-0.930384
-0.355909
0.699349
1.206271
0.938393
0.659098
0.800572
0.819715
0.203652
-0.674755
-1.091965
-0.728042
0.050031
0.406823
0.132337
-0.080622
0.165507
0.541951
0.585181
0.182654
-0.250365
-0.232184
0.122057
0.343593
0.293987
0.147632
0.025113
-0.113308
-0.375728
-0.710117
-0.850015
-0.610379
-0.131672
0.209040
0.102449
-0.267132
-0.360171
-0.130455
-0.051700
-0.344098
-0.723544
-0.664259
0.019038
0.773597
0.925181
0.504668
0.061027
-0.081351
-0.091306
-0.248125
-0.508427
-0.530553
-0.166366
0.158124
-0.019880
-0.428337
-0.454417
-0.032294
0.389848
0.410106
0.032628
-0.289486
-0.191763
0.114587
0.200802
-0.034066
-0.289447
-0.272196
-0.165403
-0.313666
-0.571263
-0.519503
-0.045657
0.498994
0.517983
-0.022081
-0.348404
-0.106074
0.118049
-0.159933
-0.662640
-0.764575
-0.247605
0.401664
0.575434
0.247953
-0.077433
-0.053861
0.078187
-0.034977
-0.244605
-0.152206
0.236420
0.487204
0.351759
0.105840
0.085815
0.175582
0.065643
-0.232542
-0.405811
-0.257630
0.066374
0.195327
-0.099359
-0.502372
-0.519598
-0.253416
-0.122117
-0.135902
0.012905
0.520477
1.080919
1.057181
0.473166
0.025360
-0.027247
-0.000362
-0.169780
-0.513669
-0.699351
-0.478030
-0.089150
0.081178
0.008880
-0.036116
0.095407
0.272218
0.267992
0.025690
-0.165154
0.006103
0.329434
0.373571
0.147429
-0.042119
-0.077664
-0.143398
-0.463840
-0.879061
-0.981228
-0.711530
-0.344333
-0.112673
-0.145773
-0.331493
-0.324534
-0.104226
-0.007473
-0.063790
0.033809
0.462863
1.035612
1.208136
0.758402
0.219919
0.023495
0.017509
-0.038650
-0.237553
-0.454003
-0.439542
-0.241444
-0.105938
-0.079061
-0.030024
0.165354
0.435140
0.530253
0.362508
0.103246
-0.007211
0.151431
0.374150
0.325838
0.079730
-0.026412
0.002312
-0.101824
-0.442448
-0.851225
-0.973164
-0.678831
-0.275043
-0.036182
0.020024
-0.042750
-0.093048
-0.066805
-0.120619
-0.337334
-0.473600
-0.240568
0.299310
0.702287
0.591065
0.166910
-0.095113
-0.128593
-0.170123
-0.339940
-0.554409
-0.614165
-0.480197
-0.399509
-0.525703
-0.657626
-0.530461
-0.142287
0.217282
0.208264
-0.132970
-0.376901
-0.284471
-0.042726
0.061931
-0.059867
-0.176688
-0.029591
0.220394
0.126402
-0.461408
-1.059430
-1.092838
-0.655927
-0.207850
0.009719
0.018253
0.151565
0.622585
0.975103
0.767015
0.272252
0.063832
0.421519
0.939427
0.817498
0.065296
-0.388337
-0.173462
0.126735
0.132841
-0.000873
-0.083603
0.062823
0.341111
0.325796
0.032757
-0.104094
0.061465
0.388347
0.704086
0.834796
0.712281
0.435695
0.156063
-0.008781
-0.076632
-0.178700
-0.309435
-0.310691
-0.062132
0.381958
0.708106
0.588826
0.078828
-0.411319
-0.438495
0.141020
0.910269
1.165492
0.728883
0.194519
0.139372
0.422383
0.524628
0.291038
0.083671
0.266886
0.638375
0.619166
0.053130
-0.513827
-0.524770
-0.065987
0.351015
0.311158
-0.083816
-0.257306
0.010088
0.279987
0.234016
0.002846
-0.131917
0.114914
0.664223
0.958802
0.639494
0.008023
-0.284708
-0.007640
0.357813
0.259396
-0.262151
-0.586485
-0.223351
0.496002
0.781788
0.325861
-0.426957
-0.772103
-0.400265
0.290718
0.595016
0.309140
-0.078508
-0.032879
0.410912
0.675417
0.327034
-0.296981
-0.478372
-0.066827
0.424392
0.544536
0.292919
-0.049118
-0.230610
-0.246878
-0.204982
-0.130529
-0.066501
-0.138431
-0.296830
-0.288939
-0.179684
-0.176357
-0.084638
0.161172
0.268225
0.140230
-0.065678
-0.127146
-0.036848
-0.053685
-0.218791
-0.337566
-0.284433
-0.107036
-0.077562
-0.297866
-0.466615
-0.384961
-0.124530
0.197355
0.370020
0.247644
-0.036994
-0.251303
-0.249430
-0.104860
-0.024695
-0.083117
-0.238131
-0.372957
-0.343809
-0.223154
-0.168768
-0.123484
0.038799
0.228024
0.194750
-0.022837
-0.112868
-0.017593
0.101703
0.105593
-0.152651
-0.517901
-0.619617
-0.566076
-0.531473
-0.247252
0.220711
0.396953
0.205527
-0.063056
-0.141169
0.057711
0.265187
0.163846
-0.189729
-0.506500
-0.530535
-0.255908
0.046075
0.122257
-0.046312
-0.266135
-0.308799
-0.109677
0.167744
0.278848
0.133105
-0.133407
-0.250727
0.000099
0.442110
0.521119
0.007903
-0.746940
-1.200417
-0.958763
-0.274386
0.079938
-0.139362
-0.434606
-0.410121
-0.110603
0.231909
0.301754
-0.023708
-0.431615
-0.575846
-0.448560
-0.319407
-0.441657
-0.755052
-0.933343
-0.609256
0.188331
0.819086
0.793498
0.319263
-0.137088
-0.240447
-0.016861
0.098178
-0.128726
-0.482158
-0.742022
-0.723140
-0.340553
0.092825
0.230070
0.075732
-0.194465
-0.357741
-0.222409
0.153263
0.435602
0.365380
0.042302
-0.221428
-0.184646
0.071095
0.186667
-0.008224
-0.379610
-0.743448
-0.914472
-0.789877
-0.448692
-0.074396
0.130447
0.071161
-0.069842
-0.080953
-0.122304
-0.292743
-0.368999
-0.353494
-0.328128
-0.210619
-0.132938
-0.223104
-0.337886
-0.380835
-0.334425
-0.138218
0.213702
0.572036
0.695044
0.543023
0.313849
0.140528
0.016318
-0.161302
-0.452550
-0.668266
-0.601332
-0.327054
-0.035472
0.119750
0.021580
-0.256528
-0.491526
-0.549405
-0.408170
-0.145718
0.033831
-0.064709
-0.398886
-0.644518
-0.594371
-0.394482
-0.250465
-0.316545
-0.614521
-0.866852
-0.839980
-0.624821
-0.415006
-0.358111
-0.511274
-0.811243
-1.121681
-1.202135
-0.886461
-0.370389
0.059724
0.283043
0.092363
-0.569649
-1.223792
-1.378186
-1.025585
-0.480183
-0.102795
-0.086494
-0.414208
-0.897086
-1.177280
-1.032237
-0.629741
-0.270664
-0.111820
-0.116520
-0.172967
-0.292098
-0.505785
-0.652962
-0.555261
-0.345551
-0.348806
-0.604059
-0.869957
-1.008609
-0.970140
-0.767590
-0.539306
-0.362176
-0.282037
-0.366191
-0.578642
-0.867851
-1.147468
-1.258938
-1.150166
-0.857936
-0.496829
-0.230243
-0.113678
-0.180457
-0.429320
-0.742524
-0.977542
-0.996833
-0.799034
-0.566031
-0.425649
-0.391294
-0.498970
-0.745059
-1.001671
-1.183342
-1.287267
-1.261479
-1.046447
-0.683048
-0.330908
-0.151889
-0.195470
-0.435312
-0.764775
-1.041222
-1.227495
-1.339229
-1.365800
-1.261519
-0.977370
-0.591942
-0.256175
-0.059956
-0.017217
-0.056826
-0.178371
-0.516166
-1.006323
-1.288401
-1.152034
-0.833740
-0.681431
-0.696432
-0.633796
-0.408850
-0.168587
-0.039247
-0.056138
-0.264253
-0.600915
-0.881662
-1.029080
-1.047710
-0.918800
-0.672386
-0.394560
-0.184586
-0.109616
-0.151045
-0.273937
-0.466221
-0.679453
-0.875213
-1.014978
-1.033291
-0.956015
-0.809659
-0.583072
-0.439709
-0.492383
-0.597610
-0.730424
-0.972297
-1.151876
-1.059372
-0.767403
-0.501064
-0.424302
-0.586508
-0.925399
-1.249872
-1.361409
-1.278545
-1.170924
-1.111314
-1.076907
-1.065346
-1.055994
-1.011894
-0.973997
-0.993560
-1.031571
-1.031322
-1.000576
-0.986690
-1.008441
-1.035782
-1.042713
-1.024354
-0.957790
-0.808925
-0.585045
-0.360029
-0.235604
-0.269336
-0.431898
-0.636731
-0.810528
-0.912248
-0.912863
-0.812075
-0.657876
-0.518459
-0.443403
-0.448263
-0.515214
-0.609349
-0.701772
-0.765992
-0.768006
-0.694790
-0.578689
-0.469972
-0.399263
-0.378056
-0.410766
-0.486877
-0.574164
-0.634032
-0.650747
-0.634016
-0.596495
-0.552646
-0.522738
-0.521510
-0.544591
-0.566917
-0.566762
-0.541251
-0.493434
-0.424485
-0.339893
-0.260358
-0.211625
-0.194362
-0.188528
-0.179914
-0.162476
-0.132271
-0.090758
-0.046900
-0.010944
0.014807
0.035874
0.057109
0.079764
0.102206
0.118784
0.124492
0.120882
0.114454
0.111564
0.114762
0.123516
0.137940
0.157878
0.178231
0.191573
0.195328
0.190540
0.178969
0.164682
0.154203
0.151191
0.152549
0.152042
0.141870
0.123444
0.108633
0.099523
0.090129
0.076749
0.060163
0.045508
0.032952
0.022015
0.019735
0.029175
