0.0121997664123773
0.0161464581638574
0.0211032102257013
0.0280613521486521
0.0355245242267847
0.0379374394565821
0.0339720318466425
0.0313159743696451
0.0344396600872278
0.0367777416855097
0.0365532854944467
0.0377503851801157
0.0396769712120294
0.0419215331226587
0.0426136026531458
0.0397704908996820
0.0317835877090692
0.0227118054777384
0.0209535727649927
0.0208039353042841
0.0157910654693842
0.00853364862501621
0.000378392115235326
-0.00568192504346368
-0.00712218187749389
-0.00764591298997400
-0.0135940095037222
-0.0230024834722281
-0.0273793866485357
-0.0227406104654074
-0.0114803840965033
-0.00158559583127499
0.00273518957197660
0.00447472132742402
0.00305316545069220
-0.00472798250615600
-0.0112185110896826
-0.00674808822572229
0.00511068798601633
0.0156975457817316
0.0175493130832910
0.0118069718033075
0.00694373942911622
0.00305316545069220
0.000808603540062902
0.00520420767366880
0.0122184673696756
0.0146313825994730
0.0145191470533609
0.0175493130832910
0.0238340864330530
0.0333547810465097
0.0450265178829431
0.0512738893181085
0.0496652791649103
0.0470840404182672
0.0564363817125559
0.107294462099671
0.188865662962198
0.165540903285146
-0.0227967282384634
-0.172789715752006
-0.143554263338447
-0.0570076336711645
-0.0262570907920599
-0.0363763352483511
-0.0461401870101690
-0.0371806403249502
-0.0183824231475592
-0.00603731773793698
0.00281000830233102
0.0151176968961954
0.0236470470577478
0.0229362616688013
0.0171565184742212
0.0108156124502420
0.00468047656118872
-0.00195968948304648
-0.00837539933621889
-0.0132573326677084
-0.0138184656947851
-0.00959121488034728
-0.00813224218785758
-0.00936675868928430
0.00413804449141023
0.0407992521673441
0.0712879220396280
0.0536867896467447
0.00151938892900941
-0.0297361692041159
-0.0275664260238409
-0.0134630879014731
0.00685021974146360
0.0268642524629831
0.0383302340656519
0.0484307775646448
0.0582133302837610
0.0617485115677118
0.0650405506044626
0.0716994176059961
0.0804532165080309
0.0981665695458650
0.127701289430261
0.163015767410398
0.196366247897968
0.227266413569450
0.264413944855332
0.304404600933194
0.329768172875047
0.334556571617723
0.326102055087686
0.314280680790544
0.312709487453103
0.328739411607385
0.348603806868196
0.354271329417825
0.353279984965920
0.369609184041619
0.408327914252877
0.452003396525979
0.488253093734384
0.520182020440698
0.555646128430963
0.594533211961389
0.630240477100015
0.667724705711007
0.704965777173638
0.701636321321130
0.634542561545968
0.543188817277551
0.466293788924813
0.409431494250894
0.370095498338342
0.340598187819123
0.314860522225499
0.294883906319737
0.291068143621087
0.321220121756196
0.383824757710099
0.443474046364427
0.461767233386636
0.442220828905702
0.436029575243592
0.487972534671426
0.591727502122522
0.700158662572503
0.764203555360437
0.772209174409509
0.754421002641320
0.744844205155969
0.748716063275933
0.744432694688439
0.707790143266320
0.641575522199273
0.568608499541879
0.504769361987710
0.468650586381555
0.467004544511437
0.446111402884126
0.341533429399133
0.182805340215564
0.0684822122007608
0.0602521369606256
0.134004778638482
0.203417919985950
0.202183409770951
0.142758577540517
0.0971939260512590
0.116029560044408
0.175117708221078
0.223562882691622
0.219429144114256
0.153569891527295
0.113354786708951
0.215950069427490
0.445718608275056
0.672737545743585
0.799461908116937
0.802323705926538
0.740186698213220
0.782833404317498
1.04621428944170
1.37405157782137
1.46804273821414
1.21457529760897
0.792428917661309
0.482379830852151
0.390483624711633
0.385508171692491
0.327916405573487
0.213443639166653
0.0650779525190592
-0.0772274067252875
-0.128122889026999
-0.0457286914438009
0.141411836668849
0.341814003363252
0.446803487315774
0.451835043206811
0.493527836576104
0.685026533380151
0.958507962003350
1.14854771591723
1.13753063179553
0.947229034677148
0.755692906156182
0.702515430226922
0.709211714044213
0.581421203389764
0.284409276619554
0.0763007769733667
0.148762784376740
0.286747358217835
0.235178499892354
0.0870372722297907
0.0517415026575327
0.149286515489221
0.250385421738029
0.243782665058970
0.177100406438112
0.225227601304650
0.412704817429185
0.589445538297296
0.729637272134423
0.884437329545617
1.03184909321368
1.16902936197817
1.28295970655978
1.34288955427706
1.32448411680758
1.17479044891894
0.923698551431298
0.671540446057916
0.412573880925775
0.107126123681664
-0.169497691616416
-0.280135982260108
-0.187379383072257
-0.0418755193799734
0.00830919243395331
0.0313720921427011
0.180710413902998
0.442875496521592
0.645653165355325
0.696249372735620
0.708781487718225
0.857352978959680
1.12471795774996
1.25467825628817
1.08858043648303
0.799087829366326
0.647336579337716
0.681248194947839
0.645148135200143
0.319854683652520
-0.106799535974860
-0.321529500707984
-0.0788734187930823
0.411227143779397
0.440986327305436
0.228650560081005
0.444278351441026
0.738073057904840
0.780794627442956
0.804493493810296
0.866069323793054
0.864273674264550
0.717292136922479
0.457409060969949
0.323296345248818
0.437619469538331
0.660860068574548
0.829277224317193
0.770974643006921
0.450319952741265
0.147116772308946
0.0352065483480692
-0.0742533733695746
-0.295436434969306
-0.455268078073859
-0.309708111509681
0.262487366273999
0.966363973394036
1.30056083895266
1.25710976816714
1.16321218706667
1.07365412212908
0.803258962407708
0.285063936784863
-0.172116362079978
-0.164166860803962
0.206541604772210
0.458344287648797
0.351559154167771
0.135351515784860
0.137558668330312
0.289253793135285
0.353841117992997
0.264170787706971
0.102487354949117
0.0623657772690058
0.280387758687139
0.630221761241555
0.795496530309320
0.671970672383904
0.560079134479165
0.578727729097009
0.446298457160592
0.0607384661585092
-0.277405106052756
-0.220337056145072
0.147921073660254
0.439770511761308
0.512849784865975
0.481332368627191
0.460308290496469
0.440799273028970
0.275674178674817
0.0733267287164926
0.186452756114304
0.499775208011270
0.698007620349527
0.870726830735803
1.10096294380724
1.16633588768542
0.861860759034753
0.369029335156083
0.135950065627694
0.339232749715447
0.642024434581399
0.568290508762002
0.111521727815270
-0.251330756172538
-0.209581874832511
0.0914141754060983
0.334145076051354
0.348154894486070
0.265910326912999
0.241033072993159
0.211180370710790
0.149978592470288
0.194514482691884
0.424245617762208
0.769347316995263
1.07137215830386
1.03368217445910
0.510324634090066
-0.100477360710502
-0.292331450209022
-0.165401362404227
-0.113738976940513
-0.0937810768932104
0.158732391372323
0.504170812144876
0.592251248136163
0.460607565417886
0.345480121150613
0.274645417407155
0.241220119819045
0.377165875807405
0.700383133664727
0.882454640641809
0.698175943866372
0.422319031730294
0.358236722126603
0.481070495620370
0.584713227525354
0.429426811113954
0.0265088597685098
-0.308380120024085
-0.403998546823859
-0.369712822660804
-0.314646177515388
-0.225630485042930
-0.0204399307817221
0.283642380908132
0.528617836013436
0.597413725629449
0.508098788037896
0.441753215566278
0.514233923926950
0.563483394160867
0.533406234756112
0.544853515401483
0.585573650375009
0.716731018796563
0.993747658506036
1.11905039049685
0.894781059995294
0.636282093301416
0.595973468795419
0.613275326266885
0.539578802362084
0.357862628474832
0.124278328791261
-0.0762360622733832
-0.247907810434699
-0.349324696287513
-0.353383593782783
-0.269455604776740
-0.0156515320390463
0.377708322778344
0.813097603097558
1.23180235125125
1.32210863329470
0.844203538671136
0.229192997738719
-0.0531170596927405
-0.125859641060233
-0.173219942077994
-0.0953522553294897
0.224273660629988
0.674757666364312
0.939335651174188
0.757469839826226
0.216960122287273
-0.218279563412070
-0.201669775471091
0.0743367815762758
0.334855846539140
0.663834131732583
1.07911587454379
1.38445139624178
1.45277965761721
1.11538428761065
0.407748065367341
-0.197797917351127
-0.429062836393714
-0.324353926405311
0.0696980128437280
0.531517065539956
0.934491164460778
1.24951565958560
1.07494474150240
0.426303125396371
0.199546046906617
0.721519417539239
1.21517384745181
1.00285679794848
0.239256124421954
-0.262609683498740
0.0561932245641947
0.811563856378198
1.32164097525179
1.27665627695620
0.810441560521722
0.390203065648675
0.325260333195329
0.431203759685159
0.300027697756887
-0.204868279919028
-0.755272798761725
-0.943460815176368
-0.584162168726325
0.364222235456109
1.51568353869021
2.08191228605807
1.72149146296084
0.847458190694451
0.168009921386838
-0.0108818342536688
-0.0436711689084768
-0.252228580936789
-0.468398802503943
-0.423039906248450
-0.0710922708362341
0.497586734071374
1.09254587389529
1.43418718077242
1.29584730364382
0.856847948804498
0.615070975795388
0.558919466510415
0.251769571974874
-0.119743191227317
0.000958241000771520
0.341851405277848
0.360593519583344
0.248982570543885
0.297147176638246
0.364839486256242
0.223562882691622
-0.164335184320807
-0.456876688227057
-0.261057191118598
0.166719298288226
0.393083579316735
0.439620874300599
0.575286067500711
0.907013959661126
1.09192860819399
0.850525743737817
0.354682839885354
0.0432495693117380
0.0864013130217790
-0.00908618472516540
-0.520416550859809
-1.02553700707853
-1.13920544885099
-0.781085305437446
-0.0820532073825598
0.621973014846444
0.964867598786950
0.709754175916314
0.0862703839689493
-0.297587477192283
-0.177334957346320
0.0678275445848703
-0.118359052166343
-0.672691517099738
-0.932406299337745
-0.540299647077918
0.206784765645862
0.637741065993905
0.376473806276917
-0.000500731691718076
0.0711195687204599
0.227229004204273
0.0613931337743997
-0.364063971266151
-0.663470142111182
-0.469016068205237
-0.0383777400106192
0.214322760179639
0.206747356280684
-0.0871969988197088
-0.400369816049933
-0.397882096990943
-0.196900092586875
-0.0211507161706686
0.0342152038961649
0.0982226873189211
0.352456978932023
0.734968073144555
1.08025688625872
1.12574667431414
0.909782237783074
0.806251711621881
0.748023993745446
0.506733335033059
0.0281548718363046
-0.788847737535834
-1.52701007626951
-1.51526343129575
-0.732864551767707
0.326064638271928
0.935519881024957
0.689235098138452
-0.00323160789906979
-0.302151434645057
0.287345908060670
1.19616991974413
1.27775979734957
0.331301964297891
-0.585415415987372
-0.420084588751197
0.626873619332910
1.31726408697665
0.916927404180169
0.186209595240653
0.310146942213178
1.08987105585635
1.22609747149050
0.310988649204373
-0.637956910356879
-0.725176923498511
-0.139177375063300
0.379634908810258
0.420055753961206
0.302384487763047
0.560528046861291
1.09898025490344
1.33318186499178
0.956787116304040
0.211965968310833
-0.179224126562476
0.307266413643956
1.15554327465594
1.42025221087039
1.09514582850039
0.775856561437249
0.675300098434091
0.725746698155999
0.592438287511468
0.0848862300068140
-0.396591477617621
-0.474459104761481
-0.151204489693046
0.150333981439471
-0.160818718895316
-0.892827146276832
-1.03522609971464
-0.161211513504386
0.878077752366662
0.968945212140679
0.119228064492345
-0.501337759718299
0.000490627661347415
1.09508968092501
1.48783231474459
0.987369305863977
0.689253813996911
1.02004641987383
1.13481850124896
0.464217550531030
-0.438209407553077
-0.849170439466834
-0.736362331137061
-0.508557789549232
-0.462768666967750
-0.507173650488257
-0.430652730688453
-0.160351090654731
0.248477544113994
0.504189498201013
0.498035646453500
0.587986565604806
0.772396213784814
0.656632817760110
0.445681206360459
0.511839724555612
0.709136910215020
0.759639568105340
0.502599603906274
0.0326440105587244
-0.493668847307563
-0.858354442343116
-0.724279098734260
-0.292930000051856
-0.117236756309867
-0.273495816215873
-0.373584680780768
-0.205111437067390
-0.0174658825248480
-0.0789482524245978
-0.256268792375922
-0.0698016514629126
0.511802322641015
0.815416998639703
0.716525263562799
0.836590714231134
1.24719632364810
1.19542170263827
0.393738246932626
-0.348632626757026
-0.491050176844001
-0.410432927832007
-0.452799074873328
-0.575109117254615
-0.561884873136878
-0.444456808790565
-0.557358377203345
-0.785050683245063
-0.550549857839942
0.388014606609941
1.60095835424960
2.11161530710757
1.37057257391512
0.192999401539564
-0.365522973760963
-0.0979522099345923
0.542590267434716
0.823329098001123
0.518087095990777
-0.0628434946388006
-0.519425206407905
-0.719771259054542
-1.01107823155820
-1.36792659066618
-1.28889917634428
-0.630213194116950
0.107163533046842
0.140682354047894
-0.552551262602210
-1.13439833424985
-0.874646179899573
0.0754029522091150
0.806083388105035
0.962417251840234
0.933817751184106
0.826434082761407
0.480621583238244
-0.0317936917394400
-0.515740387663245
-0.833832495436072
-0.852780454382300
-0.684176259264350
-0.655576758608222
-0.838826649412513
-1.15284120343626
-1.52051948808134
-1.68970357678831
-1.38049613736570
-0.511587970480323
0.540476627126336
1.06149602629244
0.992662734761834
0.844970412030816
0.500953591838479
-0.190708809122443
-0.738270216211677
-0.967384093031287
-1.03142904542387
-0.989680044874549
-0.862039201483130
-0.606402092203498
-0.524625115618110
-0.925635211691260
-1.32552301190794
-1.16168855927885
-0.496904783472419
0.270362041369081
0.550427533164621
0.122669726088643
-0.300524108633399
-0.0398928304761648
0.243240225538611
-0.334248714670539
-0.990035526975989
-0.664891712889075
0.0828287149220705
0.206971813403070
-0.392775707468390
-0.960201494917273
-0.834580772146583
-0.205635183081031
0.262131973579526
0.146761383339763
-0.213883959278464
-0.0266686012595892
0.476974166408181
0.231624606475234
-0.578419857248664
-0.798256211504340
-0.0478610327094793
1.07881659962237
1.34605062700808
0.408589772358537
-0.460299663767219
-0.537400417551398
-0.118471257910132
0.409749470129609
0.575491822734475
0.407785482183099
0.232279274091125
-0.106462859138846
-0.480949633345008
-0.208197705969215
0.775482482686639
1.57576311327517
1.24979627825320
0.136062293723226
-0.344162159189582
0.0545846144109964
0.176894654929638
-0.580178075060248
-1.52706610463560
-1.36298846505582
0.140850696191192
1.54181409575045
1.65078759886324
0.915636784806848
0.465283728614450
0.648253119960427
0.749295897260308
0.0811452934890985
-0.904068701490760
-1.18448960088193
-0.512523167356849
0.299672305062413
0.336445755735040
-0.144826196655631
-0.112149082645774
0.463001764789224
0.567186928763986
-0.123240970596671
-0.612237982973456
-0.174959473833442
0.555122412219644
0.870034761205316
0.667331911101937
0.0566608379036188
-0.292742960676551
0.102992385104299
0.442912898436189
0.0279304156452417
-0.496960871443152
-0.360790662989020
0.404961071386933
1.20348346926272
1.05932629801333
-0.0578306248039007
-0.638817303404212
-0.101169430240989
0.441790617480874
0.232391502186656
-0.493799798712134
-0.887440197691321
-0.383778743967414
0.285568966940045
0.244194168075919
-0.280379169210792
-0.477021687254310
0.0889077404886484
0.808608479276300
0.819887466207147
0.227098071426153
-0.319453292116523
-0.333088987097144
0.218362975344062
0.718507952466607
0.617820567861199
0.259887411668897
0.343104622736573
0.725746698155999
0.564774013534188
-0.339093201383948
-1.12061297200620
-0.895408385023475
0.0729900369793176
0.829744822755456
1.04310930468142
0.786723978295922
0.294472403302789
0.314505136981607
0.850095517411828
0.848748810067773
0.124147399738431
-0.450143032297492
-0.292050891146064
0.421683065071702
0.816127784028649
0.228968541547656
-0.543685250505805
-0.445915751680732
-0.0509473016113043
-0.181300364956260
-0.424106054529548
-0.375885360464454
-0.259560816511512
-0.278845362886786
-0.469296627268195
-0.443671219572425
0.354664124026895
1.51248503424227
2.01440704561770
1.57989681459963
0.794392950311303
0.225938379243016
-0.273608051761985
-0.724896364435554
-0.744667225107551
-0.664798133596778
-0.610142998918891
-0.0199536164849997
0.702964372411370
0.792615957036615
0.399892098680139
-0.0986817111819983
-0.420851462110877
-0.379214816316962
-0.190446965917945
0.0729526350647211
0.593747622743249
1.05934501387179
1.00815022684634
0.660280234590173
0.401051781550050
0.0401071826368570
-0.460524134859443
-0.725251727327704
-0.582272999510169
-0.0245923777669668
0.553813076987863
0.579232759252191
0.208617826402187
0.0739252785593271
0.405409983769059
0.793289370313287
0.610937214866281
-0.231036149486899
-1.03103625081480
-1.17728828690946
-0.679331712946296
0.261327675953507
1.22907150484622
1.74941755034030
1.72811282373965
1.37515521742404
0.959948248639703
0.226069312021136
-0.906500332579017
-1.33536171220243
-0.782188885435462
-0.197517328485846
0.395384259000421
0.897886044755578
0.804381258264184
0.633046186938882
0.535295433774591
0.100018336847425
-0.358415179476142
-0.473916702494025
-0.0629931320995093
0.789810306802392
1.34825778700411
1.12542874313891
0.646363920941949
0.713569946065545
0.916721648946405
0.280593513920903
-0.819579594358802
-1.22513484261930
-0.580234222635627
0.302590242996812
0.409431494250894
-0.293584667667747
-0.903769366964698
-0.484540992006660
0.737904734387994
1.36391366221011
0.534060902372003
-1.01274298928678
-1.64675747655332
-0.660589628443122
0.891171045079827
1.55436492659152
0.963258988633752
0.269052713587880
0.682538814321160
1.36754239298403
0.775201923623681
-0.717545442804694
-1.51623617909849
-1.04768335126340
-0.0257333596795798
0.428566403165460
-0.0919479956477881
-0.465125494226813
0.191203750614077
0.980991012826562
0.759415156617761
-0.373453729376197
-1.08455037377775
-0.383535557016730
0.772919959798455
1.06581682659686
0.629267848506570
0.303581587448716
0.581888831630349
0.811750895753503
-0.0982888867706061
-1.55272900365293
-1.87364553712308
-0.771115653738379
0.537296808734536
0.798152572885156
-0.230998747572303
-1.25201355718076
-0.686963253244758
0.865395970121026
1.27198005415499
-0.0700073768943548
-1.58566796086729
-1.46100115083158
0.392503730431199
2.07411242224276
1.86667729116976
0.589408106580377
0.295239291563630
0.984881586804986
0.844652480855584
-0.598938935026526
-1.81912135384977
-1.63549732469022
-0.253930710777640
1.06368453003466
0.871643371358514
-0.225256406292319
-0.358059756979346
0.486158169284463
1.03237283922732
0.641500718370080
-0.341749303564429
-0.814491861090064
-0.208496980890632
0.583553559556604
0.632204479947686
0.229361339882016
-0.0430352171510458
-0.134501211866736
-0.293640785440803
-0.717601530775428
-1.14575218461454
-1.03227066300809
-0.298186027035117
0.491975344195962
0.652910567298532
-0.0364137520641089
-0.748613946661353
-0.481379859670997
0.168814224600792
0.0508997956663370
-0.725027315840125
-1.21787750028074
-0.587024026140571
0.909221060052514
1.75661886431277
1.12266040541232
-0.0431661536544562
-0.516937487348914
-0.266836964115501
-0.104274415001273
-0.452424996122718
-0.847543113455176
-0.559378497824073
0.308089427128434
0.580860085263848
-0.251779668554664
-0.960463397726417
-0.488394134268165
0.517638183608651
0.939803249612451
0.436497188583016
-0.459139995798469
-0.709128313288093
-0.0644521047919989
0.513691491857171
0.313120990470052
-0.340047173723578
-0.622151427492499
-0.249722146019340
-0.0262758066505194
-0.506818287596107
-0.906855695471167
-0.452069573625922
0.571657366529107
1.20855236746371
0.542721189036965
-0.725663237795234
-0.773528568968177
0.209627880193293
0.410030044093728
-0.522081308588386
-1.31755482457578
-0.897372358068824
0.425891629830003
1.24751425482333
0.801818675771356
-0.178681694492698
-0.501337759718299
-0.0231521209329367
0.250217079594731
-0.182403944954276
-0.517704420313239
-0.0318310936540365
0.742711848989129
0.813920624032617
0.175304755046964
-0.214538626894355
0.0597284058481455
0.292527116313577
-0.0775827994197607
-0.621010475382209
-0.631541185602546
-0.0645830263942480
0.488477564826608
0.363324410691857
-0.483269028887153
-1.02740752004087
-0.542039208635688
0.0933594623953104
0.0489357928186655
-0.153860562071204
0.206766060963273
1.18172986008227
1.81104946829379
1.02625638939440
-0.287674002870917
-0.558031730875373
-0.0957824816554785
0.0346641162782907
-0.390493743643165
-0.961679213270545
-0.941253655180335
-0.189698778614402
0.417474515214562
0.303076564744115
-0.0853078296035528
-0.0947350194305182
0.266752033904195
0.502562201991677
0.262487366273999
-0.289974682554603
-0.413781099542975
0.229211702421308
0.750661320462823
0.431072823181748
-0.147182994112372
-0.289058141931892
-0.123970442041755
-0.229034744724631
-0.881305091604590
-1.42000042699277
-1.11432825826108
-0.360173397287726
0.134042188003659
0.189127528518438
-0.188894473537803
-0.573444419130683
-0.315469198450446
0.182786635532975
0.118573396876454
-0.137157254442573
0.160958248600364
1.02182341314852
1.78177667357028
1.43289662100375
0.172499050796032
-0.481604330763221
-0.232401602491736
0.00971204735338691
-0.111812405809760
-0.496680312380195
-0.735988252386451
-0.420701794847846
0.0166327873617410
0.0705958376079798
-0.0440452625602484
0.0338598112016916
0.419887415543199
0.786611802354455
0.654163784757257
0.143974381908774
-0.234515242800117
-0.151110970005393
0.358105785623193
0.664301730170846
0.262898869290948
-0.240893535837531
-0.164690577015281
0.0397330889850855
-0.237489276155829
-0.886205666288733
-1.38376938603818
-1.13202285073698
-0.295380317196250
0.251002676263452
0.275000810101628
0.0932472342997789
-0.124531589969993
-0.158574156984687
-0.0326166977733374
-0.190727524980903
-0.619663708433509
-0.651125006899238
0.0630204448848963
1.00265104271472
1.22727585531771
0.446167520657182
-0.385667913183570
-0.436469905599952
-0.172209881767631
-0.224227659925819
-0.561174147352576
-0.833813779577613
-0.692013495191932
-0.305667929872870
-0.294388972744346
-0.690105610117316
-0.829493038877845
-0.364793472513557
0.363417930379510
0.685718632712960
0.196515885358676
-0.577522032484412
-0.694688253626227
-0.164054625257850
0.272213808670640
0.198274127268232
-0.218541406616569
-0.328880422338843
0.162043123915792
0.546069330945611
0.00395099021494391
-1.22719239495695
-1.83851813577115
-1.13636230729520
-0.0867294003814459
0.375893957391381
0.293163075521588
0.0293706873804331
0.325241632238030
1.23621667124331
1.43435550428927
0.495922035947442
-0.372312777265906
-0.207692705616355
0.887504942193627
1.61414516665042
0.658652908578515
-0.914655559286475
-0.979317658171058
0.106471456065774
0.517825222983956
0.140794582143426
-0.175071679577231
-0.191382192596793
0.253583926185966
0.703656441941857
0.305844857767224
-0.349006705507636
-0.282380573973060
0.277151852324605
0.814201183095574
1.11542171932757
1.00508267380297
0.552672095075250
0.0753655428439379
-0.208235137686133
-0.223535560593009
-0.165027283653617
-0.311672144159675
-0.479752533659339
-0.312326781973243
0.261683061197400
0.960509366765618
1.13300413586199
0.433429620638490
-0.585583739504218
-1.04987179540098
-0.473897986635566
0.895996875539422
1.91242898203433
1.49798894621432
0.160079128518701
-0.501637034639716
0.0675282696634531
0.791082210317254
0.657829917445779
-0.0132760336250067
-0.186481558308005
0.505573637261987
1.12234247423708
0.594140417352319
-0.684288435205817
-1.25244378350675
-0.539027743563056
0.531704104915261
0.894276029840112
0.259232747778296
-0.598377757295966
-0.483325176462531
0.358442477360368
0.631605930104852
0.174126358181238
-0.298316978439689
-0.307482295259833
0.436478487625718
1.37985003687441
1.34257162310183
0.223506768643856
-0.814641468748450
-0.666070096716285
0.353317386880517
0.833915955796838
0.131180367842317
-0.941609018072486
-1.00902079842985
0.249730757847428
1.43315840460360
1.15410304762423
-0.268108867630363
-1.40771149896085
-1.22174929879606
0.0841567511111498
1.19091386295855
0.991446978822351
-0.0632924070209265
-0.583526246771216
0.0265649775415659
0.989071435704827
1.02000904776156
-0.126832269653678
-1.10993265412748
-0.714683585390449
0.469323940053582
1.06433916784823
0.701056487336755
-0.0348799606412649
-0.494716339334846
-0.467052095159888
-0.268071465715766
-0.150400184616447
-0.0335332234948874
0.0169133464246988
-0.232139729484916
-0.503189556822181
-0.278658323511481
-0.0373489787429571
-0.172022842392325
0.0348511556535959
0.481407172456384
0.407691947594285
-0.0265189637988806
-0.333930723890662
-0.207225077375770
0.0807899007946253
-0.0756187965720892
-0.433888607248664
-0.492303424105048
-0.215211980566382
0.124072581008077
-0.0391633441299200
-0.584872954115272
-0.686458223089576
-0.278583519682288
0.214752967879176
0.616698272004724
0.594963408485055
0.0882156709581613
-0.407814257368445
-0.530498438104987
-0.246991269811988
0.0834833825379610
0.0797424385696649
-0.159228824600577
-0.440079860910773
-0.548604541048408
-0.305836253389716
-0.0659671654552221
-0.0979148080199957
-0.0644895067065954
0.250217079594731
0.474542565122247
0.151400148347020
-0.306303851827979
-0.230157040581107
0.106527573838830
0.257119114920497
0.110661312416196
-0.489086203798652
-0.993739001974463
-0.752130382284522
-0.496324949488044
-0.486392729505897
0.123025118783116
0.830362088456750
0.626555658355355
-0.0438582231849432
-0.412958078607917
-0.242932342514396
0.316805816665292
0.535482473149896
0.0318210045248270
-0.650358133539557
-0.919182055220008
-0.561847501024604
0.101870104148984
0.439489937797189
0.221505365744233
-0.265920423492789
-0.552513830885291
-0.364381962046027
0.149735427871346
0.529160268083215
0.423590950146318
-0.0567644765228033
-0.480612986311317
-0.403568320497870
0.326868943348527
1.01795149542391
0.624049223437905
-0.660701804384589
-1.73033010266721
-1.79119526647031
-0.643942408785224
0.617203302159906
0.541542775407434
-0.425060026869178
-0.819242828115821
-0.378223471865058
0.279602162018418
0.678124524131417
0.392746902480722
-0.447711401209235
-0.963025920614600
-0.763746016249061
-0.282735936865211
-0.151148371919990
-0.600921623930335
-1.16333460114896
-1.16561650536954
-0.187042706236243
1.22740674711764
1.64081800676882
0.760163314118981
-0.298560135588050
-0.731611364111304
-0.375099771246314
0.274420961216092
0.248047336414456
-0.424330525621772
-0.942600362524390
-1.08056628011167
-0.698541455492377
0.157871975973248
0.657418406978250
0.408870346322656
-0.125335895046592
-0.546472244486213
-0.570451669916511
-0.0461027850955725
0.642679102197290
0.803427285924554
0.273897230103612
-0.378597550615668
-0.565008573755622
-0.136727057918906
0.404268986955285
0.337231344953179
-0.262123369202018
-0.863442056402564
-1.21744727395475
-1.13727890752256
-0.627557091936469
-0.00420425139367578
0.413228548541665
0.397310845032334
-0.00607471965253348
-0.253537916168570
-0.0954270889610052
-0.176175259575248
-0.514786474928260
-0.468342714533210
-0.333294742330909
-0.295081042274833
-0.0575313498824835
-0.0317375739663840
-0.340570860132575
-0.487421505674720
-0.436787836775184
-0.273963444456458
0.117395005598664
0.672176427617669
1.03886336781085
0.855295426622033
0.344975090995431
0.0152860353142023
-0.0852704276889563
-0.145499550327659
-0.392700903639197
-0.831980817541480
-0.949296705946326
-0.514131777510047
0.0302685121446848
0.344395242109895
0.321968309059739
-0.106313221678138
-0.618840687498450
-0.797676377519965
-0.624807529672980
-0.224171542152762
0.196197905521840
0.267743385806680
-0.193084322437644
-0.834244005903602
-0.964522235617042
-0.529039435610175
-0.134070985540748
-0.0628434946388006
-0.402633064016700
-1.00271724961698
-1.19558142922819
-0.804971211180091
-0.344517581686378
-0.141665094122291
-0.283989154323936
-0.710811727270484
-1.20203458569944
-1.52611219190061
-1.30694925092161
-0.475207321867347
0.301935575380921
0.620065129771829
0.573976732268930
-0.156049006208777
-1.43210243485868
-2.07599305413663
-1.57932709954679
-0.566224389299750
0.230352688059211
0.388856313601136
-0.0652564098685980
-0.841146104559302
-1.52616833947599
-1.54231046937406
-0.843278401121497
-0.105377994999289
0.197133140582591
0.0951177025586366
-0.122642420753837
-0.246504955515265
-0.447299890741706
-0.784171574339271
-0.844699971899390
-0.427977972254157
-0.0723454882949591
-0.353046946749091
-0.936596148237586
-1.21636235021055
-1.18924056790769
-0.920023792013526
-0.503713302835822
-0.241903596147895
-0.131414913162589
-0.177634232267737
-0.475824587568641
-0.855417721495032
-1.24462520383298
-1.51174699567258
-1.40415751241148
-1.00845968030393
-0.477227442488074
-0.0263880272954703
0.117058321312070
0.0381805966049433
-0.267454200014472
-0.753533237203956
-1.15055918000639
-1.28371798299253
-1.02196442387998
-0.541347139105201
-0.262478761896491
-0.242764018997550
-0.346537702307105
-0.639247529730201
-1.06565856240690
-1.33597897790372
-1.42001914285123
-1.42265652917326
-1.22788452409208
-0.766308598741889
-0.209619276747108
0.127850926890969
0.0813323403149843
-0.252247296795249
-0.747772209867835
-1.19399153493345
-1.40137051843107
-1.47016643784940
-1.48479353688657
-1.40041660569608
-1.12566327355802
-0.607187681421638
-0.0898156692832709
0.181252849698067
0.195674173943698
0.0384611705690622
-0.108426832184195
-0.336717717871070
-0.956236117109656
-1.64488708280027
-1.65588545106351
-0.974379651769996
-0.419074528440833
-0.483007185682654
-0.715974204763770
-0.552195840105414
-0.115796499475837
0.144423294290900
0.129253781810403
-0.0781439473479986
-0.535380356535316
-1.03950940869749
-1.24741219781339
-1.22113203309476
-1.07198082707822
-0.750858478769660
-0.351363473162055
-0.0326166977733374
0.0889638582617044
-0.0119479974359274
-0.205017917379737
-0.434038274511695
-0.716722421869636
-0.957246177420020
-1.13024591706693
-1.19705914758146
-1.05714797280729
-0.855342977270484
-0.618990354761481
-0.287879728302360
-0.252939366325736
-0.561005764231086
-0.734697633013129
-0.903451435789466
-1.28740286134183
-1.38582693837583
-0.938859455808997
-0.387033336386085
-0.154085033163428
-0.324297778829932
-0.797825985178351
-1.36689781449735
-1.67258869908750
-1.50671540997922
-1.17059194348753
-1.03071820043027
-1.03365480206907
-1.03208362363279
-1.05028330586851
-1.04381155274808
-0.954440467581153
-0.924625151380896
-1.01904653809965
-1.08108996652067
-1.03099881909788
-0.960519426092505
-0.968599908575416
-1.03677856229246
-1.07140099309385
-1.05174230836332
-1.00043534539640
-0.871073596701026
-0.614987545236945
-0.293378912433982
-0.0668837060779333
-0.0735051562637091
-0.313280754312873
-0.643680565580726
-0.903582327589393
-1.03694688580930
-1.04476546548307
-0.913664214834571
-0.680771999582648
-0.456988923773170
-0.336829953417182
-0.345621161684394
-0.454594724401832
-0.602436714395881
-0.731985442861915
-0.822179548963904
-0.849656694158912
-0.770629339441657
-0.599406533464789
-0.427435510382056
-0.328338020071387
-0.307145588621497
-0.350428276285529
-0.453378908857703
-0.586032681688666
-0.687879734262824
-0.712027542814612
-0.672523193582892
-0.612219267114997
-0.547613196596503
-0.495520644411445
-0.483774059042335
-0.519911580309272
-0.574660234674811
-0.596002273783088
-0.566561095938087
-0.508015387281775
-0.431139044985175
-0.334660225138068
-0.229689412340522
-0.156741075739265
-0.148136936649680
-0.171873204931617
-0.180926256403327
-0.168693386539817
-0.139757209047675
-0.0929206540435553
-0.0366756101697683
0.0102357784658670
0.0358986178785562
0.0483559588342905
0.0633197198063135
0.0847740019112825
0.109277165904641
0.131442233398557
0.140383079126477
0.131928555145860
0.116179197505116
0.106078661456704
0.107799492254853
0.118928789570928
0.134921304360032
0.156730986610055
0.183852803371847
0.204745953846723
0.208954511620104
0.200219416120090
0.184301715753973
0.163894887492061
0.146069310083985
0.140551421269774
0.147266409769654
0.154318082556129
0.151381443664432
0.128617822602391
0.0994384879618883
0.0893379519134760
0.0876545304805040
0.0778906787186861
0.0593169102817774
0.0385546902567148
0.0264153400808573
0.0165953705459833
0.00776676036417481
0.0167637089639902
0.0414726207405329