0.000000
0.000000
0.000001
0.000001
0.000002
0.000004
0.000006
0.000009
0.000012
0.000015
0.000019
0.000024
0.000029
0.000035
0.000042
0.000049
0.000057
0.000065
0.000074
0.000083
0.000093
0.000103
0.000113
0.000123
0.000133
0.000143
0.000153
0.000163
0.000173
0.000182
0.000191
0.000200
0.000209
0.000218
0.000227
0.000235
0.000244
0.000252
0.000261
0.000269
0.000278
0.000287
0.000296
0.000305
0.000314
0.000323
0.000332
0.000342
0.000352
0.000361
0.000372
0.000382
0.000393
0.000405
0.000417
0.000430
0.000444
0.000459
0.000476
0.000494
0.000513
0.000531
0.000550
0.000569
0.000587
0.000603
0.000619
0.000635
0.000650
0.000664
0.000678
0.000692
0.000706
0.000721
0.000735
0.000749
0.000764
0.000779
0.000794
0.000809
0.000823
0.000838
0.000853
0.000867
0.000881
0.000896
0.000911
0.000927
0.000942
0.000958
0.000974
0.000990
0.001006
0.001022
0.001039
0.001055
0.001073
0.001091
0.001110
0.001129
0.001150
0.001173
0.001196
0.001222
0.001250
0.001281
0.001315
0.001352
0.001394
0.001440
0.001491
0.001547
0.001608
0.001674
0.001746
0.001822
0.001905
0.001993
0.002086
0.002187
0.002294
0.002408
0.002531
0.002661
0.002801
0.002950
0.003109
0.003279
0.003458
0.003647
0.003845
0.004051
0.004266
0.004487
0.004715
0.004948
0.005187
0.005431
0.005681
0.005938
0.006200
0.006468
0.006744
0.007027
0.007318
0.007618
0.007928
0.008248
0.008580
0.008922
0.009277
0.009643
0.010021
0.010409
0.010809
0.011217
0.011636
0.012063
0.012498
0.012939
0.013386
0.013838
0.014293
0.014752
0.015214
0.015678
0.016145
0.016614
0.017085
0.017559
0.018036
0.018516
0.018998
0.019482
0.019970
0.020464
0.020964
0.021472
0.021989
0.022515
0.023053
0.023606
0.024176
0.024763
0.025365
0.025983
0.026615
0.027261
0.027918
0.028583
0.029254
0.029930
0.030608
0.031288
0.031970
0.032653
0.033340
0.034029
0.034722
0.035422
0.036129
0.036848
0.037579
0.038324
0.039081
0.039852
0.040637
0.041436
0.042246
0.043063
0.043888
0.044720
0.045558
0.046399
0.047243
0.048090
0.048941
0.049794
0.050650
0.051509
0.052371
0.053239
0.054113
0.054995
0.055886
0.056790
0.057707
0.058641
0.059592
0.060562
0.061550
0.062555
0.063575
0.064608
0.065650
0.066697
0.067748
0.068801
0.069855
0.070908
0.071960
0.073014
0.074071
0.075134
0.076203
0.077279
0.078366
0.079468
0.080584
0.081713
0.082857
0.084014
0.085186
0.086370
0.087562
0.088759
0.089959
0.091164
0.092374
0.093587
0.094800
0.096020
0.097249
0.098485
0.099730
0.100987
0.102256
0.103536
0.104826
0.106125
0.107434
0.108754
0.110084
0.111423
0.112770
0.114123
0.115483
0.116847
0.118211
0.119573
0.120934
0.122298
0.123668
0.125045
0.126431
0.127831
0.129247
0.130676
0.132115
0.133562
0.135016
0.136477
0.137943
0.139412
0.140883
0.142358
0.143838
0.145323
0.146811
0.148301
0.149794
0.151293
0.152799
0.154312
0.155831
0.157358
0.158895
0.160439
0.161988
0.163540
0.165095
0.166654
0.168217
0.169782
0.171352
0.172927
0.174509
0.176096
0.177687
0.179283
0.180887
0.182498
0.184118
0.185750
0.187395
0.189051
0.190717
0.192393
0.194079
0.195777
0.197480
0.199187
0.200896
0.202609
0.204326
0.206046
0.207767
0.209490
0.211217
0.212948
0.214682
0.216420
0.218163
0.219915
0.221677
0.223448
0.225227
0.227010
0.228800
0.230595
0.232390
0.234185
0.235982
0.237782
0.239586
0.241393
0.243206
0.245024
0.246847
0.248678
0.250516
0.252364
0.254219
0.256082
0.257954
0.259835
0.261725
0.263622
0.265521
0.267423
0.269326
0.271228
0.273127
0.275023
0.276917
0.278812
0.280708
0.282609
0.284513
0.286423
0.288342
0.290268
0.292202
0.294145
0.296096
0.298057
0.300032
0.302019
0.304018
0.306028
0.308051
0.310087
0.312132
0.314186
0.316245
0.318309
0.320375
0.322440
0.324504
0.326565
0.328625
0.330687
0.332753
0.334829
0.336915
0.339010
0.341113
0.343226
0.345344
0.347466
0.349589
0.351716
0.353848
0.355987
0.358132
0.360281
0.362433
0.364590
0.366752
0.368918
0.371089
0.373269
0.375462
0.377670
0.379891
0.382122
0.384362
0.386609
0.388860
0.391114
0.393373
0.395638
0.397913
0.400197
0.402488
0.404789
0.407106
0.409438
0.411779
0.414125
0.416477
0.418840
0.421214
0.423600
0.425996
0.428402
0.430817
0.433245
0.435684
0.438129
0.440576
0.443020
0.445461
0.447899
0.450339
0.452788
0.455247
0.457717
0.460199
0.462693
0.465200
0.467715
0.470233
0.472750
0.475266
0.477781
0.480300
0.482825
0.485360
0.487905
0.490462
0.493032
0.495616
0.498208
0.500805
0.503410
0.506021
0.508635
0.511253
0.513875
0.516503
0.519133
0.521764
0.524394
0.527026
0.529660
0.532295
0.534931
0.537572
0.540223
0.542885
0.545556
0.548234
0.550919
0.553614
0.556311
0.559006
0.561695
0.564376
0.567051
0.569721
0.572390
0.575059
0.577729
0.580400
0.583073
0.585750
0.588430
0.591108
0.593779
0.596444
0.599106
0.601768
0.604428
0.607085
0.609742
0.612401
0.615065
0.617729
0.620390
0.623048
0.625704
0.628359
0.631012
0.633663
0.636311
0.638956
0.641599
0.644241
0.646881
0.649519
0.652155
0.654795
0.657440
0.660094
0.662758
0.665432
0.668119
0.670819
0.673530
0.676247
0.678963
0.681672
0.684373
0.687069
0.689761
0.692451
0.695137
0.697820
0.700504
0.703197
0.705901
0.708613
0.711326
0.714039
0.716761
0.719494
0.722237
0.724982
0.727731
0.730491
0.733268
0.736057
0.738848
0.741640
0.744437
0.747239
0.750044
0.752848
0.755653
0.758464
0.761288
0.764123
0.766967
0.769818
0.772676
0.775548
0.778434
0.781331
0.784238
0.787158
0.790092
0.793041
0.796000
0.798965
0.801934
0.804905
0.807879
0.810854
0.813824
0.816784
0.819738
0.822693
0.825651
0.828609
0.831561
0.834513
0.837472
0.840444
0.843425
0.846411
0.849409
0.852424
0.855455
0.858494
0.861536
0.864580
0.867626
0.870669
0.873705
0.876732
0.879753
0.882770
0.885785
0.888800
0.891816
0.894838
0.897867
0.900904
0.903947
0.907001
0.910065
0.913139
0.916221
0.919307
0.922394
0.925479
0.928562
0.931643
0.934719
0.937786
0.940849
0.943908
0.946964
0.950017
0.953065
0.956113
0.959166
0.962222
0.965282
0.968352
0.971436
0.974533
0.977637
0.980745
0.983860
0.986978
0.990092
0.993201
0.996304
0.999401
1.002489
1.005566
1.008637
1.011709
1.014790
1.017882
1.020980
1.024084
1.027199
1.030325
1.033463
1.036607
1.039754
1.042904
1.046053
1.049202
1.052344
1.055473
1.058590
1.061698
1.064799
1.067891
1.070969
1.074035
1.077096
1.080156
1.083216
1.086276
1.089341
1.092414
1.095495
1.098580
1.101668
1.104753
1.107835
1.110910
1.113977
1.117031
1.120070
1.123092
1.126094
1.129080
1.132053
1.135020
1.137984
1.140946
1.143914
1.146888
1.149864
1.152841
1.155815
1.158783
1.161741
1.164687
1.167623
1.170547
1.173455
1.176347
1.179227
1.182097
1.184962
1.187821
1.190673
1.193521
1.196372
1.199224
1.202071
1.204909
1.207745
1.210582
1.213414
1.216237
1.219050
1.221858
1.224664
1.227467
1.230263
1.233055
1.235847
1.238644
1.241439
1.244227
1.247013
1.249803
1.252601
1.255403
1.258203
1.261004
1.263809
1.266619
1.269433
1.272249
1.275066
1.277887
1.280709
1.283529
1.286353
1.289185
1.292028
1.294876
1.297726
1.300583
1.303451
1.306323
1.309188
1.312042
1.314890
1.317741
1.320597
1.323453
1.326313
1.329182
1.332066
1.334962
1.337862
1.340759
1.343655
1.346552
1.349450
1.352342
1.355228
1.358114
1.361006
1.363901
1.366791
1.369679
1.372571
1.375470
1.378371
1.381276
1.384181
1.387089
1.390005
1.392926
1.395845
1.398760
1.401677
1.404600
1.407531
1.410466
1.413398
1.416333
1.419276
1.422225
1.425172
1.428113
1.431050
1.433988
1.436927
1.439862
1.442790
1.445716
1.448644
1.451579
1.454515
1.457452
1.460389
1.463329
1.466275
1.469227
1.472181
1.475138
1.478102
1.481076
1.484056
1.487033
1.490006
1.492980
1.495956
1.498935
1.501915
1.504899
1.507886
1.510883
1.513894
1.516913
1.519934
1.522957
1.525986
1.529023
1.532065
1.535105
1.538142
1.541182
1.544225
1.547263
1.550295
1.553325
1.556352
1.559373
1.562387
1.565397
1.568409
1.571432
1.574466
1.577510
1.580566
1.583634
1.586712
1.589792
1.592872
1.595949
1.599018
1.602086
1.605156
1.608226
1.611295
1.614366
1.617437
1.620509
1.623581
1.626652
1.629728
1.632811
1.635899
1.638995
1.642099
1.645210
1.648321
1.651432
1.654542
1.657652
1.660764
1.663875
1.666985
1.670098
1.673218
1.676347
1.679480
1.682611
1.685739
1.688864
1.691986
1.695108
1.698234
1.701368
1.704513
1.707672
1.710847
1.714034
1.717222
1.720411
1.723602
1.726790
1.729976
1.733163
1.736353
1.739547
1.742750
1.745956
1.749165
1.752374
1.755588
1.758809
1.762038
1.765273
1.768516
1.771773
1.775045
1.778322
1.781597
1.784871
1.788148
1.791427
1.794701
1.797966
1.801224
1.804482
1.807747
1.811017
1.814283
1.817541
1.820794
1.824052
1.827315
1.830581
1.833846
1.837115
1.840399
1.843700
1.847008
1.850312
1.853614
1.856919
1.860224
1.863526
1.866817
1.870103
1.873394
1.876692
1.879991
1.883284
1.886574
1.889869
1.893173
1.896478
1.899783
1.903094
1.906415
1.909748
1.913079
1.916400
1.919715
1.923030
1.926344
1.929652
1.932947
1.936231
1.939517
1.942812
1.946108
1.949393
1.952668
1.955941
1.959223
1.962516
1.965810
1.969105
1.972414
1.975743
1.979082
1.982417
1.985745
1.989071
1.992399
1.995728
1.999050
2.002363
2.005678
2.009004
2.012337
2.015671
2.019003
2.022336
2.025674
2.029018
2.032361
2.035704
2.039049
2.042396
2.045743
2.049084
2.052415
2.055739
2.059059
2.062376
2.065691
2.068998
2.072299
2.075601
2.078906
2.082206
2.085495
2.088775
2.092054
2.095339
2.098630
2.101920
2.105211
2.108506
2.111809
2.115114
2.118413
2.121704
2.124992
2.128283
2.131571
2.134850
2.138121
2.141394
2.144672
2.147951
2.151228
2.154500
2.157773
2.161051
2.164332
2.167610
2.170883
2.174154
2.177427
2.180698
2.183959
2.187212
2.190463
2.193717
2.196975
2.200229
2.203477
2.206727
2.209985
2.213243
2.216489
2.219726
2.222961
2.226200
2.229440
2.232678
2.235912
2.239148
2.242391
2.245636
2.248877
2.252114
2.255354
2.258600
2.261848
2.265094
2.268343
2.271598
2.274857
2.278114
2.281367
2.284618
2.287870
2.291124
2.294375
2.297618
2.300855
2.304093
2.307330
2.310560
2.313786
2.317013
2.320251
2.323502
2.326756
2.330012
2.333277
2.336550
2.339825
2.343095
2.346357
2.349613
2.352868
2.356120
2.359368
2.362611
2.365854
2.369102
2.372352
2.375604
2.378853
2.382102
2.385358
2.388619
2.391879
2.395138
2.398399
2.401663
2.404925
2.408177
2.411417
2.414650
2.417877
2.421097
2.424309
2.427513
2.430710
2.433907
2.437104
2.440297
2.443487
2.446679
2.449881
2.453097
2.456321
2.459549
2.462784
2.466029
2.469279
2.472527
2.475771
2.479010
2.482247
2.485481
2.488711
2.491937
2.495163
2.498392
2.501627
2.504865
2.508106
2.511348
2.514596
2.517849
2.521108
2.524367
2.527625
2.530887
2.534151
2.537412
2.540665
2.543907
2.547141
2.550371
2.553594
2.556810
2.560022
2.563231
2.566439
2.569648
2.572853
2.576052
2.579247
2.582443
2.585646
2.588851
2.592056
2.595262
2.598472
2.601686
2.604898
2.608103
2.611300
2.614492
2.617679
2.620858
2.624025
2.627182
2.630336
2.633489
2.636640
2.639787
2.642928
2.646068
2.649210
2.652352
2.655491
2.658625
2.661757
2.664894
2.668033
2.671168
2.674291
2.677403
2.680511
2.683614
2.686709
2.689797
2.692880
2.695966
2.699065
2.702173
2.705284
2.708397
2.711521
2.714659
2.717811
2.720963
2.724110
2.727262
2.730425
2.733588
2.736746
2.739903
2.743060
2.746222
2.749390
2.752556
2.755720
2.758887
2.762060
2.765239
2.768425
2.771620
2.774821
2.778029
2.781243
2.784461
2.787680
2.790898
2.794111
2.797322
2.800534
2.803753
2.806976
2.810200
2.813422
2.816644
2.819869
2.823104
2.826349
2.829598
2.832848
2.836106
2.839376
2.842658
2.845943
2.849228
2.852517
2.855817
2.859128
2.862439
2.865746
2.869051
2.872360
2.875673
2.878986
2.882294
2.885598
2.888904
2.892218
2.895533
2.898845
2.902155
2.905467
2.908787
2.912118
2.915456
2.918793
2.922131
2.925475
2.928828
2.932185
2.935537
2.938881
2.942224
2.945574
2.948933
2.952291
2.955643
2.958989
2.962336
2.965689
2.969046
2.972400
2.975750
2.979100
2.982458
2.985827
2.989200
2.992569
2.995934
2.999302
3.002679
3.006058
3.009437
3.012814
3.016193
3.019574
3.022954
3.026333
3.029708
3.033082
3.036452
3.039816
3.043180
3.046542
3.049898
3.053254
3.056614
3.059973
3.063331
3.066688
3.070048
3.073409
3.076767
3.080119
3.083469
3.086818
3.090166
3.093509
3.096843
3.100174
3.103503
3.106831
3.110160
3.113490
3.116818
3.120146
3.123473
3.126801
3.130129
3.133455
3.136776
3.140094
3.143407
3.146718
3.150026
3.153330
3.156631
3.159933
3.163237
3.166540
3.169841
3.173144
3.176450
3.179756
3.183062
3.186362
3.189656
3.192946
3.196231
3.199506
3.202779
3.206056
3.209329
3.212601
3.215872
3.219146
3.222425
3.225707
3.228985
3.232258
3.235528
3.238796
3.242063
3.245329
3.248590
3.251847
3.255102
3.258355
3.261610
3.264867
3.268123
3.271377
3.274629
3.277882
3.281140
3.284405
3.287669
3.290925
3.294173
3.297413
3.300651
3.303887
3.307112
3.310325
3.313533
3.316741
3.319950
3.323159
3.326367
3.329569
3.332767
3.335964
3.339157
3.342345
3.345521
3.348684
3.351837
3.354988
3.358143
3.361301
3.364458
3.367614
3.370774
3.373940
3.377109
3.380277
3.383437
3.386591
3.389738
3.392880
3.396020
3.399157
3.402290
3.405420
3.408547
3.411672
3.414799
3.417930
3.421062
3.424193
3.427323
3.430453
3.433587
3.436724
3.439859
3.442990
3.446115
3.449232
3.452341
3.455442
3.458537
3.461627
3.464714
3.467796
3.470877
3.473960
3.477041
3.480116
3.483187
3.486256
3.489319
3.492379
3.495435
3.498485
3.501531
3.504572
3.507609
3.510646
3.513685
3.516730
3.519779
3.522833
3.525892
3.528957
3.532024
3.535090
3.538149
3.541202
3.544250
3.547295
3.550336
3.553375
3.556409
3.559439
3.562464
3.565484
3.568502
3.571516
3.574527
3.577533
3.580530
3.583522
3.586510
3.589493
3.592469
3.595436
3.598391
3.601337
3.604275
3.607204
3.610125
3.613036
3.615935
3.618822
3.621694
3.624553
3.627403
3.630246
3.633083
3.635917
3.638746
3.641562
3.644367
3.647162
3.649948
3.652725
3.655492
3.658250
3.660996
3.663731
3.666454
3.669169
3.671875
3.674571
3.677260
3.679943
3.682622
3.685297
3.687964
3.690624
3.693279
3.695929
3.698569
3.701196
3.703812
3.706416
3.709009
3.711590
3.714161
3.716723
3.719277
3.721823
3.724359
3.726882
3.729391
3.731884
3.734363
3.736829
3.739284
3.741731
3.744171
3.746605
3.749031
3.751446
3.753851
3.756245
3.758628
3.761001
3.763363
3.765717
3.768060
3.770391
3.772709
3.775011
3.777296
3.779563
3.781815
3.784056
3.786287
3.788510
3.790725
3.792931
3.795127
3.797311
3.799479
3.801628
3.803758
3.805869
3.807966
3.810051
3.812127
3.814197
3.816263
3.818326
3.820386
3.822437
3.824474
3.826498
3.828511
3.830511
3.832496
3.834465
3.836425
3.838380
3.840330
3.842275
3.844217
3.846152
3.848078
3.849995
3.851900
3.853791
3.855670
3.857537
3.859396
3.861248
3.863094
3.864936
3.866773
3.868603
3.870424
3.872234
3.874030
3.875813
3.877581
3.879337
3.881082
3.882817
3.884541
3.886254
3.887957
3.889645
3.891318
3.892979
3.894628
3.896266
3.897892
3.899506
3.901104
3.902686
3.904253
3.905802
3.907332
3.908843
3.910335
3.911810
3.913268
3.914709
3.916135
3.917544
3.918936
3.920312
3.921673
3.923018
3.924345
3.925657
3.926952
3.928231
3.929496
3.930747
3.931988
3.933221
3.934447
3.935665
3.936875
3.938077
3.939268
3.940447
3.941614
3.942769
3.943913
3.945046
3.946171
3.947286
3.948393
3.949490
3.950577
3.951653
3.952719
3.953774
3.954819
3.955856
3.956885
3.957906
3.958919
3.959925
3.960923
3.961911
3.962891
3.963860
3.964820
3.965771
3.966713
3.967646
3.968570
3.969486
3.970392
3.971290
3.972181
3.973064
3.973941
3.974813
3.975680
3.976544
3.977404
3.978261
3.979116
3.979968
3.980819
3.981668
3.982517
3.983366
3.984214
3.985064
3.985914
3.986766
3.987619
3.988475
3.989331
3.990190
3.991051
3.991913
3.992778
3.993645
3.994514
3.995386
3.996260
3.997138
3.998018
3.998901
3.999787
4.000676
4.001567
4.002460
4.003357
4.004255
4.005155
4.006057
4.006962
4.007867
4.008774
4.009682
4.010591
4.011501
4.012411
4.013321
4.014233
