0.000028
0.000081
0.000152
0.000246
0.000365
0.000499
0.000632
0.000760
0.000894
0.001034
0.001177
0.001325
0.001478
0.001638
0.001804
0.001965
0.002107
0.002222
0.002323
0.002416
0.002493
0.002548
0.002575
0.002578
0.002566
0.002546
0.002507
0.002441
0.002353
0.002267
0.002204
0.002171
0.002159
0.002161
0.002167
0.002158
0.002130
0.002104
0.002105
0.002139
0.002189
0.002235
0.002270
0.002294
0.002307
0.002326
0.002362
0.002409
0.002460
0.002521
0.002601
0.002709
0.002854
0.003029
0.003213
0.003398
0.003605
0.003935
0.004493
0.005084
0.005280
0.005012
0.004626
0.004354
0.004171
0.003999
0.003816
0.003653
0.003538
0.003470
0.003440
0.003456
0.003511
0.003582
0.003648
0.003701
0.003736
0.003749
0.003739
0.003707
0.003665
0.003626
0.003591
0.003555
0.003548
0.003635
0.003823
0.004014
0.004097
0.004076
0.004018
0.003969
0.003963
0.004018
0.004121
0.004269
0.004459
0.004675
0.004912
0.005175
0.005467
0.005813
0.006246
0.006792
0.007460
0.008249
0.009174
0.010247
0.011441
0.012699
0.013973
0.015234
0.016489
0.017779
0.019125
0.020504
0.021898
0.023337
0.024881
0.026562
0.028381
0.030330
0.032417
0.034650
0.037027
0.039552
0.042224
0.044953
0.047564
0.049936
0.052048
0.053924
0.055608
0.057136
0.058534
0.059827
0.061062
0.062334
0.063754
0.065359
0.067078
0.068809
0.070542
0.072398
0.074530
0.077010
0.079773
0.082683
0.085630
0.088586
0.091561
0.094534
0.097427
0.100143
0.102629
0.104879
0.106946
0.108927
0.110811
0.112415
0.113557
0.114261
0.114760
0.115314
0.116017
0.116766
0.117406
0.117913
0.118411
0.119028
0.119791
0.120602
0.121293
0.121859
0.122609
0.123928
0.125962
0.128568
0.131438
0.134314
0.137324
0.140983
0.145612
0.150830
0.155758
0.159701
0.162607
0.164880
0.166834
0.168478
0.169719
0.170456
0.170664
0.170532
0.170422
0.170703
0.171562
0.172879
0.174411
0.176157
0.178436
0.181534
0.185381
0.189528
0.193420
0.196833
0.199956
0.202959
0.205600
0.207432
0.208492
0.209388
0.210466
0.211457
0.212091
0.212521
0.213074
0.213876
0.214749
0.215516
0.216366
0.217663
0.219513
0.221901
0.224870
0.228419
0.232530
0.237144
0.242119
0.247224
0.252074
0.256290
0.259710
0.262225
0.263673
0.264052
0.263722
0.263259
0.263000
0.262895
0.262902
0.263298
0.264430
0.266298
0.268591
0.271126
0.274127
0.277920
0.282313
0.286602
0.290264
0.293381
0.296345
0.299124
0.301081
0.301777
0.301500
0.301334
0.302212
0.303491
0.304499
0.305955
0.308215
0.310873
0.313786
0.316971
0.320273
0.323310
0.325686
0.327521
0.329380
0.331697
0.334536
0.337452
0.339714
0.341091
0.341871
0.342127
0.341642
0.340492
0.339381
0.339509
0.341630
0.345265
0.349482
0.353839
0.358122
0.361798
0.364100
0.364863
0.365014
0.365653
0.366943
0.368227
0.369076
0.369795
0.370785
0.371993
0.373089
0.373801
0.374292
0.375171
0.376947
0.379420
0.381922
0.384251
0.386584
0.388610
0.389658
0.389592
0.389201
0.389431
0.390479
0.392000
0.393681
0.395420
0.397160
0.398536
0.399335
0.400171
0.401676
0.403845
0.406675
0.410310
0.414426
0.418092
0.420548
0.422051
0.423597
0.425747
0.427911
0.429089
0.429128
0.428808
0.428944
0.429729
0.430785
0.431801
0.432782
0.433688
0.434429
0.435209
0.436508
0.438761
0.442056
0.445695
0.448365
0.449380
0.449346
0.449106
0.448799
0.448474
0.448698
0.449882
0.451627
0.453346
0.454857
0.456152
0.457286
0.458654
0.460815
0.463666
0.466395
0.468527
0.470322
0.472238
0.474392
0.476274
0.477174
0.476971
0.476104
0.474989
0.473841
0.472846
0.472356
0.472731
0.473991
0.475777
0.477623
0.479400
0.481337
0.483437
0.485536
0.487676
0.489925
0.492512
0.495847
0.499743
0.503384
0.506413
0.509141
0.511758
0.514138
0.516010
0.517162
0.517576
0.517289
0.516467
0.515386
0.514350
0.513871
0.514462
0.516438
0.519916
0.524228
0.527882
0.530024
0.530995
0.531288
0.531127
0.530912
0.531348
0.533004
0.535711
0.538463
0.540112
0.540437
0.540280
0.540465
0.541288
0.543080
0.546187
0.550510
0.555515
0.560106
0.563040
0.564038
0.563735
0.563056
0.563000
0.564134
0.566611
0.570349
0.574239
0.576839
0.578537
0.581025
0.584804
0.588572
0.590717
0.591211
0.591756
0.593871
0.597631
0.601953
0.605560
0.608058
0.610002
0.611906
0.613436
0.613680
0.612216
0.609651
0.607373
0.607217
0.610366
0.616062
0.622085
0.626505
0.628940
0.630205
0.630827
0.630632
0.629594
0.628295
0.627622
0.628405
0.631059
0.635231
0.639769
0.643595
0.646700
0.649398
0.651200
0.651816
0.652230
0.653237
0.654443
0.655499
0.656638
0.657952
0.659009
0.659118
0.658232
0.657380
0.657413
0.658233
0.659486
0.661265
0.664021
0.667575
0.670935
0.673192
0.674380
0.675225
0.675637
0.674697
0.672118
0.668621
0.665474
0.663918
0.664489
0.666668
0.669000
0.670141
0.670067
0.669781
0.669866
0.669611
0.668006
0.665342
0.663102
0.662588
0.663631
0.664738
0.665164
0.665567
0.666272
0.666690
0.666070
0.664410
0.662758
0.661983
0.662050
0.662443
0.662360
0.661452
0.660249
0.659332
0.658869
0.658695
0.658801
0.659607
0.661541
0.664693
0.668456
0.672051
0.675431
0.678612
0.681165
0.682407
0.681309
0.677648
0.672950
0.669431
0.668564
0.670018
0.671909
0.672609
0.672323
0.672970
0.675892
0.679808
0.682100
0.681899
0.681142
0.682353
0.685689
0.688959
0.690748
0.692364
0.695582
0.699603
0.701938
0.701651
0.700183
0.699419
0.699919
0.700953
0.702001
0.703704
0.706859
0.711083
0.714937
0.717094
0.717797
0.718984
0.722109
0.726483
0.730689
0.734249
0.737382
0.740443
0.743133
0.744535
0.744386
0.743437
0.742808
0.742871
0.742464
0.740298
0.737199
0.735626
0.736808
0.739207
0.740325
0.739760
0.739705
0.742152
0.746327
0.750141
0.753339
0.757095
0.761251
0.764056
0.764407
0.762914
0.760850
0.758919
0.757046
0.755083
0.753264
0.752098
0.752086
0.753089
0.754518
0.756396
0.758896
0.761391
0.763465
0.765563
0.768085
0.770858
0.773165
0.774279
0.773775
0.771808
0.769507
0.767923
0.766916
0.765789
0.764450
0.763424
0.762913
0.762454
0.761656
0.761181
0.762107
0.764207
0.766588
0.769451
0.773454
0.777767
0.780470
0.781003
0.780376
0.779351
0.777963
0.776114
0.774099
0.772249
0.770174
0.767517
0.765181
0.765027
0.768359
0.774180
0.779465
0.782170
0.782772
0.783083
0.784539
0.786940
0.789038
0.789810
0.789104
0.787349
0.784447
0.780242
0.775665
0.772327
0.771013
0.770532
0.768935
0.765755
0.762573
0.761404
0.762527
0.764916
0.767875
0.770928
0.773308
0.774330
0.773758
0.771818
0.769230
0.766665
0.764091
0.761081
0.757211
0.752186
0.746320
0.740766
0.737192
0.736662
0.738480
0.741197
0.744124
0.746469
0.747101
0.745888
0.743401
0.740168
0.736642
0.733217
0.730361
0.727876
0.724652
0.720315
0.715930
0.712936
0.712115
0.712754
0.713103
0.712556
0.712315
0.712750
0.712111
0.709686
0.707329
0.706533
0.706508
0.705496
0.702957
0.700137
0.698515
0.698299
0.698371
0.697850
0.697608
0.698564
0.699379
0.698409
0.696357
0.695509
0.697495
0.701097
0.703352
0.703371
0.702408
0.701877
0.702567
0.704044
0.705499
0.706634
0.706913
0.706038
0.705325
0.706786
0.710771
0.715025
0.717082
0.717395
0.717877
0.718521
0.717480
0.713740
0.709343
0.707891
0.710485
0.714877
0.718565
0.721223
0.723950
0.726847
0.728275
0.726995
0.724065
0.721871
0.721578
0.722015
0.721758
0.721435
0.722359
0.723922
0.724229
0.723082
0.722359
0.723298
0.725506
0.727808
0.728888
0.728806
0.729147
0.730288
0.730764
0.729894
0.728846
0.729360
0.732161
0.735510
0.736717
0.735984
0.735677
0.736556
0.737347
0.736554
0.734358
0.732713
0.732631
0.732987
0.732425
0.731175
0.730920
0.732559
0.734916
0.736333
0.736292
0.735683
0.736007
0.737702
0.739681
0.741064
0.742486
0.744753
0.746931
0.747099
0.744837
0.742120
0.741219
0.742549
0.745225
0.747971
0.749777
0.751356
0.754007
0.756981
0.758497
0.758272
0.757720
0.758515
0.760591
0.761854
0.761217
0.760134
0.759641
0.758978
0.757739
0.756410
0.755269
0.754128
0.752568
0.750928
0.751036
0.754333
0.759962
0.765662
0.769854
0.772318
0.772975
0.771850
0.769909
0.767699
0.765417
0.764402
0.765429
0.767434
0.769056
0.769540
0.768914
0.767923
0.767130
0.766947
0.768149
0.770914
0.774202
0.777027
0.779185
0.780286
0.779845
0.778197
0.776328
0.775522
0.776332
0.777809
0.778813
0.779438
0.780670
0.782949
0.785204
0.785636
0.783668
0.780433
0.777685
0.777078
0.779379
0.783993
0.789595
0.794966
0.799454
0.802000
0.801270
0.798312
0.795571
0.793984
0.794086
0.795967
0.798379
0.800753
0.802975
0.804177
0.803993
0.803005
0.802553
0.804117
0.807638
0.811468
0.814505
0.817498
0.820891
0.822963
0.822133
0.819322
0.817063
0.816775
0.817379
0.816842
0.814647
0.812784
0.813654
0.816845
0.819142
0.817868
0.813954
0.811111
0.811866
0.815342
0.818671
0.820657
0.823183
0.827348
0.830740
0.830627
0.827509
0.824172
0.822777
0.822971
0.822647
0.821460
0.821465
0.823588
0.825991
0.826106
0.823914
0.822376
0.823456
0.826073
0.828417
0.830099
0.832208
0.834932
0.835824
0.832866
0.827769
0.824126
0.823687
0.824962
0.824741
0.821904
0.819403
0.820307
0.823242
0.824075
0.820995
0.816781
0.816053
0.820128
0.825567
0.828996
0.831294
0.834668
0.837970
0.838039
0.834276
0.829403
0.826931
0.828074
0.830133
0.830330
0.829749
0.830710
0.833333
0.835726
0.835969
0.834444
0.833537
0.834454
0.836097
0.837213
0.837626
0.837578
0.836957
0.835136
0.831891
0.828321
0.826170
0.826223
0.827472
0.827753
0.826237
0.824683
0.824440
0.824328
0.822598
0.819244
0.816659
0.817562
0.821571
0.825455
0.826964
0.826671
0.826173
0.825796
0.824614
0.822265
0.820116
0.819891
0.820917
0.820622
0.818414
0.816564
0.816946
0.819017
0.820682
0.820355
0.818807
0.818159
0.818988
0.819896
0.819475
0.818008
0.816940
0.816408
0.814973
0.812376
0.810361
0.810752
0.813408
0.815503
0.814760
0.812972
0.812841
0.813584
0.812608
0.809349
0.806167
0.805803
0.808196
0.810708
0.811303
0.810599
0.810412
0.810885
0.810608
0.809376
0.808879
0.810295
0.812548
0.813791
0.813916
0.814235
0.815046
0.815176
0.813884
0.812051
0.811200
0.811858
0.812796
0.812041
0.809544
0.807444
0.806753
0.806424
0.805863
0.806095
0.808792
0.813794
0.817994
0.819180
0.818739
0.818566
0.818597
0.817713
0.815242
0.812219
0.810575
0.810690
0.811221
0.811169
0.810970
0.811511
0.812814
0.813880
0.813690
0.812798
0.813030
0.814739
0.816287
0.816603
0.816205
0.815851
0.815198
0.812954
0.808935
0.804887
0.802367
0.801434
0.801264
0.800641
0.799090
0.797801
0.797650
0.797738
0.797414
0.797668
0.800039
0.804875
0.809917
0.812405
0.812633
0.812489
0.812552
0.812329
0.811138
0.809060
0.807319
0.806593
0.806334
0.806050
0.805989
0.806887
0.808955
0.811191
0.812438
0.812537
0.812374
0.813172
0.814938
0.816183
0.816204
0.815970
0.816014
0.815481
0.813298
0.809398
0.805358
0.802999
0.802388
0.802532
0.802681
0.802434
0.802001
0.801765
0.801217
0.799606
0.797546
0.796866
0.798717
0.802014
0.804244
0.804398
0.803700
0.803145
0.802414
0.800849
0.798372
0.795843
0.794084
0.792584
0.790328
0.787538
0.785570
0.785471
0.786776
0.787598
0.786653
0.784850
0.783824
0.783945
0.784320
0.783933
0.783085
0.783144
0.784329
0.784721
0.782163
0.777201
0.772789
0.770695
0.770406
0.770708
0.770792
0.771559
0.774620
0.778948
0.781764
0.782253
0.782256
0.784376
0.788761
0.791883
0.791233
0.789130
0.788697
0.789567
0.790106
0.789941
0.789506
0.789935
0.791636
0.792921
0.792697
0.792115
0.792561
0.794510
0.797709
0.801207
0.803907
0.805315
0.805601
0.805366
0.804977
0.804139
0.802743
0.801498
0.801551
0.803617
0.806844
0.809055
0.808753
0.806514
0.804727
0.805993
0.810565
0.815536
0.817923
0.818054
0.818545
0.820577
0.822799
0.823681
0.823764
0.825054
0.828057
0.830510
0.830037
0.827296
0.825183
0.825475
0.827384
0.828580
0.827767
0.826527
0.826892
0.828338
0.829219
0.828950
0.828259
0.829018
0.832340
0.836532
0.838703
0.837971
0.836477
0.836782
0.838656
0.839574
0.837894
0.835156
0.834702
0.837557
0.841030
0.841782
0.839162
0.835656
0.834505
0.836505
0.839253
0.840144
0.839360
0.839284
0.841465
0.844487
0.845373
0.843429
0.841296
0.841527
0.843820
0.846144
0.847011
0.846400
0.845258
0.844250
0.843481
0.843049
0.842861
0.842220
0.840841
0.839695
0.839108
0.838407
0.838179
0.839122
0.840324
0.840730
0.840218
0.839635
0.839597
0.839362
0.838287
0.836793
0.835719
0.835506
0.835231
0.833773
0.831702
0.830261
0.830079
0.831258
0.832947
0.833789
0.833297
0.832032
0.831036
0.830792
0.830790
0.830387
0.829247
0.827592
0.826252
0.825505
0.824896
0.824457
0.824809
0.825950
0.826689
0.826334
0.825773
0.825818
0.826370
0.826797
0.825873
0.823360
0.820758
0.818558
0.816474
0.815830
0.817279
0.819080
0.819671
0.819093
0.818434
0.818906
0.820218
0.820750
0.819563
0.817154
0.815002
0.814311
0.814861
0.815443
0.815053
0.813722
0.812436
0.812238
0.813245
0.814495
0.814851
0.813994
0.812849
0.813154
0.815457
0.817638
0.817048
0.813146
0.807795
0.804252
0.803984
0.804733
0.803910
0.801814
0.800203
0.800123
0.801466
0.802757
0.802268
0.800048
0.797570
0.795929
0.794808
0.792894
0.789494
0.785545
0.783500
0.785219
0.789260
0.792403
0.793105
0.792004
0.790917
0.791121
0.791653
0.790863
0.788506
0.785223
0.782354
0.781455
0.782351
0.783438
0.783554
0.782448
0.780820
0.780094
0.781162
0.783246
0.784623
0.784401
0.783196
0.782502
0.783096
0.783982
0.783713
0.781745
0.778331
0.774466
0.771457
0.770076
0.770231
0.771001
0.771214
0.770764
0.770427
0.769887
0.768510
0.766942
0.765546
0.764265
0.763564
0.763127
0.762125
0.760635
0.759059
0.757778
0.757463
0.758744
0.761466
0.764395
0.766383
0.767361
0.767713
0.767628
0.766767
0.764604
0.761670
0.759346
0.758370
0.758581
0.759248
0.759215
0.757853
0.755602
0.753334
0.751872
0.751607
0.751960
0.751582
0.749582
0.746706
0.744389
0.743054
0.742226
0.740880
0.738061
0.734288
0.730961
0.728722
0.727316
0.725952
0.723722
0.720114
0.715251
0.710345
0.707181
0.706325
0.707085
0.708487
0.708626
0.705545
0.699858
0.694158
0.690483
0.689223
0.689269
0.688943
0.686889
0.682716
0.677667
0.673714
0.671682
0.671035
0.670780
0.670308
0.669548
0.668235
0.665953
0.663163
0.661060
0.659932
0.658533
0.655807
0.652006
0.647803
0.643969
0.641144
0.639264
0.638029
0.636998
0.635432
0.632860
0.629038
0.624110
0.618939
0.614470
0.611392
0.609842
0.609244
0.608930
0.608128
0.606109
0.602760
0.598565
0.594554
0.591597
0.589616
0.588083
0.586559
0.584433
0.581155
0.576837
0.571884
0.566609
0.561594
0.557669
0.555377
0.554480
0.554089
0.553254
0.551223
0.547765
0.543265
0.538129
0.532637
0.527142
0.522222
0.518657
0.516756
0.516137
0.516135
0.516118
0.515843
0.514982
0.512508
0.507890
0.502394
0.497951
0.495002
0.492461
0.489657
0.487197
0.485834
0.485451
0.485451
0.485206
0.483897
0.481085
0.477219
0.472924
0.468710
0.465191
0.462800
0.461558
0.461074
0.460727
0.460072
0.458828
0.456730
0.453754
0.450016
0.445787
0.441631
0.437901
0.434840
0.432782
0.431197
0.429163
0.426645
0.423563
0.419381
0.414556
0.410430
0.407714
0.406032
0.404428
0.401886
0.397774
0.392381
0.386801
0.381787
0.377233
0.372860
0.368594
0.364347
0.360134
0.356140
0.352290
0.348292
0.344120
0.339995
0.336030
0.332100
0.328040
0.323863
0.319684
0.315609
0.311858
0.308803
0.306734
0.305566
0.304775
0.303657
0.301732
0.298937
0.295484
0.291712
0.288060
0.284934
0.282489
0.280584
0.278901
0.277102
0.274961
0.272409
0.269490
0.266348
0.263274
0.260583
0.258409
0.256661
0.255150
0.253663
0.251980
0.249941
0.247538
0.244930
0.242306
0.239791
0.237450
0.235293
0.233238
0.231153
0.228947
0.226652
0.224385
0.222251
0.220336
0.218721
0.217464
0.216519
0.215731
0.214975
0.214228
0.213519
0.212890
0.212397
0.212085
0.211950
0.211950
0.212040
0.212209
0.212463
0.212810
0.213246
0.213741
0.214246
0.214725
0.215175
0.215618
0.216081
0.216586
0.217155
0.217810
0.218548
0.219330
0.220116
0.220873
0.221575
0.222216
0.222820
0.223421
0.224033
0.224641
0.225196
0.225667
0.226084
0.226471
0.226820
0.227111
0.227331
0.227496
0.227612
0.227687
0.227763
0.227891
